FPS en pruebas practicas
=============
4.69
4.82
4.82
4.77
4.68
4.71
4.84
4.78
4.76
4.74
4.79
4.84
4.79
4.76
4.79
5.07
4.82
4.77
4.83
4.79
4.81
4.81
4.85
4.91
4.93
4.88
4.86
4.84
4.47
4.41
4.74
4.80
4.87
4.79
4.79
4.73
4.98
4.91
5.01
4.94
4.38
4.59
4.74
3.92
4.89
4.88
4.61
5.11
4.55
4.65
5.51
4.83
4.86
4.86
4.56
4.79
4.84
4.80
4.80
4.80
4.82
4.77
4.79
4.80
4.75
4.80
4.76
4.82
4.77
4.79
4.79
4.78
4.73
4.74
4.77
4.80
4.70
4.80
4.71
4.84
4.77
4.70
4.77
4.80
4.83
4.82
4.84
4.70
4.78
4.80
4.74
4.77
4.80
4.75
4.87
4.79
4.72
4.79
4.87
4.81
4.86
4.93
4.78
4.79
4.81
4.80
4.85
4.71
4.73
4.77
4.74
4.76
4.76
4.84
4.79
4.78
4.78
4.83
4.82
4.75
4.77
4.79
4.87
4.81
4.81
4.83
4.80
4.83
4.70
4.77
4.76
4.78
4.77
4.85
4.78
4.78
4.72
4.80
4.84
4.79
4.78
4.76
4.81
4.84
4.78
4.84
4.86
4.79
4.92
4.78
4.81
4.84
4.75
4.75
4.89
4.90
4.72
4.83
4.82
4.73
4.81
4.77
4.76
4.73
4.81
4.77
4.88
4.80
4.70
4.75
4.78
4.84
4.80
4.80
4.78
4.80
4.83
4.75
4.75
4.86
4.79
4.83
4.77
4.75
4.81
4.76
4.72
4.86
4.83
4.81
4.70
4.85
4.76
4.78
4.82
4.84
4.79
4.78
4.74
4.70
4.75
4.73
4.76
4.84
4.82
4.95
4.81
4.87
4.80
4.77
4.78
4.81
4.84
4.78
4.79
4.84
4.86
4.88
4.70
4.77
4.76
4.89
4.79
4.75
4.78
4.80
4.72
4.70
4.83
4.78
4.76
4.76
4.78
4.87
4.76
4.76
4.74
4.85
4.78
4.83
4.83
4.85
4.71
4.85
4.78
4.80
4.73
4.85
4.79
4.77
4.79
4.80
4.76
4.77
4.81
4.79
4.84
4.89
4.79
4.76
4.71
4.88
4.81
4.80
4.79
4.81
4.81
4.77
4.79
4.82
4.82
4.78
4.77
4.79
4.81
4.84
4.77
4.92
4.76
4.83
4.76
4.84
4.76
4.78
4.85
4.83
4.76
4.77
4.79
4.78
4.74
4.83
4.80
4.79
4.71
4.85
4.81
4.86
4.77
4.83
4.81
4.80
4.79
4.77
4.80
4.78
4.72
4.85
4.78
4.78
4.88
4.74
4.81
4.82
4.77
4.81
4.83
4.78
4.82
4.82
4.77
4.76
4.70
4.78
4.79
4.93
4.87
4.74
4.79
4.76
4.82
4.81
4.73
4.80
4.70
4.72
4.74
4.76
4.75
4.84
4.81
4.79
4.78
4.83
4.77
4.84
4.81
4.78
4.86
4.79
4.70
4.77
4.81
4.76
4.80
4.77
4.74
4.82
4.88
4.73
4.80
4.73
4.85
4.82


