Datos de ping - Arquitectura de referencia
------------------------
232.31
131.77
191.46
196.73
217.70
296.30
232.53
205.74
186.97
126.75
80.47
66.54
151.09
211.60
136.88
186.25
211.92
86.95
226.51
152.62
69.34
62.66
90.68
91.97
92.03
152.85
201.34
255.35
146.93
146.93
258.82
208.73
132.41
194.85
132.79
132.64
176.31
62.66
62.66
126.69
98.89
180.77
105.35
74.24
251.81
147.45
165.54
73.47
127.79
168.22
90.36
184.56
124.32
143.38
124.25
275.66
160.55
96.12
212.13
86.05
174.26
62.66
79.43
173.52
206.94
171.95
154.24
142.8
70.15
116.96
132.96
226.6
182.58
62.66
181.37
137.62
119.61
199.12
224.99
218.84
109.6
142.3
181.82
221.57
131.81
149.92
93.12
87.57
211.51
245.06
156.94
223.3
183.69
121.57
183.68
256.27
159.17
257.92
62.66
212.09
166.75
142.93
167.04
62.66
147.82
183.41
252.56
129.4
111.49
130.42
217.86
181.66
128.69
193.05
167.37
221.14
118.06
141.16
137.19
71.08
179.65
177.49
161.69
146.9
74.05
135.42
140.23
111.88
151.43
186.31
277.76
172.15
177.27
156.78
62.66
159.74
165.09
296.3
149.51
179.98
159.24
89.27
231.89
207.77
210.18
105.27
247.93
74.88
197.59
296.3
100.26
126.44
167.53
130.31
65.7
165.61
95.83
190.6
104.65
257.01
113.05
141.51
211.57
85.43
175.41
242.03
62.66
172.77
177.41
209.62
85.06
79.91
193.58
179.7
176.83
182.75
119.42
175.71
179.46
117.3
276.5
190.61
87.87
201.89
101.24
209.94
232.86
110.74
220.82
186.85
212.1
278.41
146.24
114.87
106.5
111.04
156.62
182.43
178.45
212.42
162.18
251.06
145.05
296.3
199.98
108.49
95.3
191.15
147.59
205.43
190.58
156.88
109.13
67.91
133.83
214.22
174.59
84.52
172.06
185.15
106.84
170.86
164.97
90.86
183.45
195.98
228.2
226.4
76.38
103.51
193.16
193.08
193.16
296.3
196.6
231.44
220.24
201.57
141.93
208.21
113.69
146.77
131.43
166.43
296.3
62.66
203.72
62.66
132.26
228.57
165.34
94.88
117.24
203.31
116.31
174.73
164.19
121.17
293.66
200.49
62.66
172.88
120.55
213.97
112.48
154.3
192.54
214.79
87.32
140.74
132.07
121.07
270.31
186.37
83.58
218.01
292.31
225.08
67.63
131.5
239.55
117.72
188.76
209.17
104.19
157.71
62.66
98.17
145.79
84.39
262.1
73.14
134.23
169.44
250.3
72.79
233.14
162.01
100.82
189.89
173.66
124.34
165.68
137.6
168.38
202.23
259.23
85.01
292.99
62.66
152.01
197.68
178.72
122.96
148.54
130.96
125.01
213.8
183.41
118.63
216.88
180.34
211.53
200.23
110.23
126.82
207.49
199.04
160.09
168.62
240.21
124.88
195.13
148.9
147.95
229.17
