Promedio: 1.321 ms
-------------
0.645
0.694
0.706
0.707
0.778
0.670
0.806
0.642
0.683 
0.674
0.660
4.688
0.658
0.710
0.655
0.648
4.359
0.647
2.320
2.920
0.665 
7.824 
2.746
0.664
0.944 
0.736
0.673 
0.652
0.688
2.196
0.692 
0.884
3.552
0.719
0.643 
0.674
0.667
0.659
0.643
0.645
0.694
0.706
0.707
0.778
0.672
0.806
0.642
0.683
0.674
0.662
4.688
0.658
0.713
0.655
0.648
4.359
0.647
2.322
2.923
0.665
7.824
2.746
0.664
0.944
0.736
0.673
0.651
0.652
0.688
2.196
0.692
0.884
3.552
0.719
0.643
0.674
0.667
0.659
0.643
0.881
0.642
2.686
2.970
0.642
0.642
0.642
4.634
3.277
1.638
0.642
0.642
0.642
2.715
0.642
0.766
3.978
0.642
0.642
2.845
4.651
1.142
0.642
1.062
1.207
1.363
0.642
3.258
0.642
0.678
0.793
3.305
2.432
4.727
0.841
2.210
1.650
0.971
1.904
0.642
0.642
0.642
0.642
3.500
2.223
0.642
4.781
3.616
0.767
2.928
1.699
0.642
0.642
4.506
0.642
3.594
0.642
3.598
0.642
0.770
3.562
3.408
1.020
3.910
1.44
0.642
0.642
2.644
0.642
2.083
0.642
4.447
3.061
4.003
0.759
2.780
3.425
1.818
0.642
4.567
3.557
0.642
3.801
1.389
0.642
0.653
3.660
0.642
0.642
0.642
1.979
2.138
2.024
4.123
2.643
0.642
3.846
4.870
3.457
0.642
0.642
1.859
0.840
0.642
0.642
0.642
2.229
1.495
0.642
0.642
0.642
0.642
4.101
0.642
4.385
0.642
3.862
0.642
0.642
2.385
3.678
3.481
2.470
0.642
0.642
0.642
0.642
4.828
0.642
3.549
1.270
1.049
3.098
0.642
4.201
0.643
0.642
1.505
0.682
0.642
1.217
0.642
1.604
0.642
0.642
0.994
4.142
0.642
2.274
4.644
3.090
2.173
0.845
4.303
0.642
0.642
0.642
0.642
3.730
0.642
0.642
0.642
0.642
0.642
0.642
0.642
0.642
0.642
2.768
3.862
2.320
0.642
3.160
1.391
3.400
0.642
1.925
0.642
3.117
2.728
0.642
1.342
0.642
0.642
0.642
0.642
2.157
3.255
0.642
4.439
0.642
0.642
4.219
0.642
0.862
0.642
1.538
0.642
1.115
2.831
0.642
2.278
4.018
0.973
0.642
1.589
3.228
0.642
0.642
0.642
0.642
4.08
0.642
4.117
2.020
0.642
4.222
2.058
2.141
2.973
4.460
0.642
3.032
3.994
1.395
0.642
0.642
3.758
0.642
1.375
0.703
4.657
1.917
4.483
4.271
0.642
2.375
0.642
0.642
0.642
1.202
4.205
4.000
0.642
3.499
4.055
1.041
0.642
0.642
4.679
0.642
2.942
0.642
0.682
0.642
0.888
4.691
0.642
4.000
2.406
0.642
4.658
0.642
2.519
1.699
2.400
0.642
4.411
4.415
4.392
1.534
0.642
0.642
0.805
2.085
3.361
0.642
3.935
3.260
3.115
0.642



